appid
264710
40800
501300
331670
569860
433340
388880
210970
237930
496300
311690
290300
448510
41500
48000
282070
108710
257850
224760
304430
384190
583470
313780
21000
200260
208650
213330
313690
286690
514900
391720
282140
242680
464060
242550
323580
250320
298630
322500
221260
212680
418240
257510
521890
388410
460920
462780
527230
108200
368500
397060
271240
221910
243470
404680
442070
241260
57300
705120
271590
289070
49520
261640
346110
641990
440900
232090
200710
322110
10
20
30
50
70
130
220
240
280
300
320
380
400
420
440
500
550
570
620
630
730
1200
1250
1840
1900
1930
2100
2600
2620
2630
2700
2800
2810
2820
2870
2990
3170
3330
3480
3590
3620
3720
3830
3910
3920
3990
4000
4500
4560
4570
4700
4760
4850
4920
6000
6020
6030
6060
6800
6860
6910
7200
7510
7520
7600
7670
7760
7830
7940
8000
8140
8190
8500
8600
8850
8870
8930
9010
9200
9340
9350
9420
9450
9480
9880
9900
10090
10270
10500
10680
11020
11610
12140
12220
12320
12810
13210
13520
15100
15120
15170
15210
15320
15370
15620
15700
16450
16810
17300
17390
17410
17430
17440
17450
17460
17470
17480
17500
17570
18500
19900
20500
20510
20540
20570
20900
20920
21090
21100
21130
21690
22100
22130
22300
22320
22330
22350
22370
22380
22600
23310
24010
24200
24240
24670
24720
24740
24780
24790
24800
24810
24840
24870
24960
25000
25800
25830
25890
25900
32360
32370
32430
32440
32470
32510
32800
33230
33930
34030
34270
34330
34830
34870
35140
35450
35700
35720
38400
38410
39000
39120
39140
39150
39190
39200
39210
39500
39540
39680
40100
40390
40700
40950
40970
40980
40990
41000
41070
41700
42680
42910
42960
45740
45760
45770
46500
47400
47410
47780
47810
47870
47890
48190
48240
48700
48720
50130
50300
50620
55100
55140
55150
55230
56400
57640
57690
57740
57900
58610
61700
63910
63950
64000
65540
65790
65800
65930
65980
67370
70400
70600
71250
71340
72200
72850
73010
73170
78000
92800
95400
98800
99900
104900
105450
105600
107100
107200
107410
108600
108800
109600
110800
113020
113200
113400
113420
115320
200170
200210
200510
201230
201790
201810
201870
202200
203140
203160
203290
203350
203630
203770
204030
204100
204120
204300
204340
204360
204450
204880
205100
205610
205710
205990
206190
206210
206420
206440
206480
206500
207140
207170
207610
208090
208140
208200
208480
208520
208580
209000
209080
209870
210770
211420
211500
211820
212070
212160
212200
212500
213610
213670
213850
214170
214340
214420
214490
214510
214730
214950
215080
215100
215280
215530
215830
215930
216150
216260
216890
217200
217750
218230
218510
218620
218640
218680
219150
219640
219780
219830
219990
220200
220240
220260
220440
220700
220740
221040
221100
221380
221540
222440
222480
222730
222750
222880
222940
223100
223330
223470
223710
223750
223830
224260
224480
224500
224600
224900
225080
225260
225420
225540
225640
225840
226580
226840
226860
227180
227300
227860
227940
228200
228260
228280
228300
228380
228760
230190
230230
230290
230410
231060
231160
231430
232010
232050
232890
232910
233130
233290
233450
233720
233840
233860
233980
234080
234140
234330
234650
234670
234710
235320
235340
235380
235400
235460
235540
235600
235800
235900
236090
236110
236150
236390
236430
236690
236850
236870
237310
237850
237870
237990
238010
238090
238260
238320
238370
238430
238460
238750
238960
239030
239070
239120
239140
239160
239250
239350
239820
239840
240320
240720
241540
241560
241600
241930
242640
242700
242760
242860
242920
243950
243970
244030
244160
244210
244450
244730
244770
244850
245170
245470
245490
245620
246420
246620
246900
247000
247020
247080
248170
248390
248570
248610
248820
248860
249050
249130
249230
249590
249650
250340
250400
250520
250760
250900
251060
251110
251150
251290
251570
251730
252110
252150
252410
252470
252490
252530
252610
252690
252950
253230
253250
253430
253490
253710
253880
253900
253920
253940
254100
254200
254300
254700
255220
255710
256290
257170
257350
258010
258970
259060
259080
259340
259680
260430
261030
261110
261180
261470
261570
262060
262150
262280
262410
262940
263060
263500
263540
263560
263760
264200
265210
265300
265550
265610
265630
265930
266410
266510
266840
268050
268130
268400
268420
268500
268750
268850
268870
268910
269210
269330
269470
269950
270150
270880
271360
272270
273110
273350
274190
274520
274900
274920
274940
275850
276810
278080
278890
280160
280220
280790
281610
281640
281990
282400
282440
282560
282800
282900
283640
284160
284950
285010
285160
285190
285310
285330
285900
285920
286000
286160
286570
287260
287290
287390
287450
287700
287920
287980
288140
288160
288470
289130
289520
289650
289930
289950
290080
290340
290730
290790
291410
291480
291550
291650
291860
292030
292120
292140
292180
292730
292910
292990
293180
293260
293760
293780
294100
294860
295110
295550
296300
296470
296490
296870
296970
297000
298030
298050
298110
298240
298900
299360
299460
299740
300080
300380
300550
300570
301120
301320
301520
301640
301910
302510
302590
302670
302830
303390
303720
304030
304050
304240
304410
304530
304650
304730
304930
305260
305620
306020
306130
306760
307670
307690
307780
307960
308040
310470
310560
310950
311210
311290
311340
311560
311730
311770
311860
312280
312450
312520
312530
312660
312750
312990
313010
313160
313340
314150
314160
314410
314520
314660
314790
314970
314980
315460
315660
316010
316790
317360
317470
317820
318020
319510
319630
319910
320300
321360
321400
321410
321800
321960
322170
322190
322330
322520
322780
322920
323220
323470
323850
324080
324270
324310
324510
324800
325610
326160
326360
326410
327030
327090
327140
327400
327690
327860
329000
329050
329110
329130
329430
330840
331470
331600
331790
332070
332310
332570
333300
333420
333600
333640
333930
333950
334230
335240
335300
335620
335670
337000
337150
337950
338170
338180
338530
339280
339340
339600
339610
339800
340000
340050
341000
341380
341800
342180
342200
342310
342970
343360
343780
344230
344760
344880
345090
345180
345240
345260
345350
345390
346120
346900
346940
347560
348250
349040
349720
350080
350110
350640
351510
351710
351940
351970
352400
353270
353640
354290
354640
354920
355180
355790
355840
356040
356190
356500
356570
357190
357290
357310
357780
357900
359310
359320
359550
359870
360170
360450
360830
361280
361420
361800
362490
362620
362680
362960
363090
363150
363680
363890
363930
363970
364360
364420
364470
365300
365360
365450
365590
365960
366090
366220
366440
367450
367500
367520
367670
368070
368230
368340
368360
368590
369990
370240
370360
370540
370730
371460
371660
372000
372360
372800
373420
373930
374040
374320
375010
375450
375530
375910
375950
376210
376570
376730
376870
377160
377310
377530
377840
378370
378540
378720
378860
379720
380600
380840
381210
381640
381990
382080
382110
382490
382900
383080
383150
383180
383580
383800
383870
383980
384180
384300
384480
384490
384740
385070
385380
385730
385760
385770
385800
386070
386180
386360
386620
386700
386940
387290
387990
388080
388440
388660
388750
389430
389570
389730
390100
390670
391040
391220
391540
391660
392110
392780
392950
393080
393430
393530
394230
394310
394360
394510
394690
394760
394870
395380
396750
397100
397340
397350
397460
397580
397900
397950
398850
399000
400170
400250
400740
400910
402170
402220
402430
402570
402840
403190
403560
403640
404410
404540
404590
405310
405640
405900
406090
406150
406290
407000
407190
407330
407530
408760
409710
409720
410110
410320
410340
410380
410900
410980
411300
412050
412170
412290
412600
412740
412830
413150
413410
413420
414340
414530
414700
414740
415200
415960
416450
417860
418030
418250
418340
418370
418460
418650
419480
420360
420440
420790
421020
421040
421050
422900
423230
423580
423710
423770
424030
424280
424840
425160
425220
425340
425580
426000
427100
427270
427490
427730
428630
428690
428900
428950
429050
429280
429660
431180
431600
433350
433530
433850
434030
434170
434570
434650
435030
435150
435400
435440
436150
436320
436520
437920
438010
438020
438030
438040
438100
438140
438490
438640
438740
440650
441550
442080
442120
442780
443110
443810
444090
444200
444460
444480
444490
444640
445190
445310
446020
446150
446800
447020
447040
447530
447820
447990
448070
448080
448280
448440
448470
448500
448630
448640
448780
449140
449540
449680
449800
450390
450540
451020
451130
451340
452060
452230
452570
453090
453480
453980
454080
454180
454650
454690
454910
455940
455980
456670
457330
457550
457590
457710
457730
458710
458960
459220
459820
460120
460790
460810
460930
461880
461890
461910
462770
462930
463100
463110
463210
463220
463530
463710
464340
464350
464850
465240
465650
465710
465760
466170
466240
466300
466560
466580
466860
466910
467000
467010
467120
467370
467390
467520
467960
468920
469730
470220
471010
471550
473470
473690
474050
474750
474960
475150
475190
475550
476460
477160
477770
478980
480430
480490
480650
481510
482920
483770
484900
485390
485510
485830
485950
485980
486150
486310
486480
486780
488790
489830
491260
491530
491650
492090
493340
493370
493490
493840
493900
494670
495280
495780
495910
496240
496460
496680
496690
497180
498240
500710
500940
502370
502520
502800
503560
503820
504210
504370
504880
506140
506540
506610
507300
507360
507390
507400
507490
509110
509930
510510
510630
510660
511680
511800
512020
512470
512770
513510
513570
513590
513620
514660
515220
515470
515690
516750
517160
517790
518030
518790
519190
520440
521630
522230
522470
523150
524220
524580
524660
525300
525480
525920
526290
527100
527270
527290
527430
527770
527800
528070
528300
528510
528740
529180
530070
530700
531640
532030
533180
533340
533780
535260
536220
536930
537180
537800
538590
538680
539440
539450
541210
542340
542480
542550
542650
543460
544610
544730
545580
545650
546200
546400
546660
547040
547680
547900
547960
550340
550470
551730
552110
552590
552620
552700
552920
552990
553640
554510
554530
554620
555160
555220
555570
555830
555920
557400
557780
558100
558990
561340
561590
561600
561610
562010
562430
562810
563120
563560
564230
564530
564710
565380
565860
566050
567640
567780
568220
568570
568770
569480
570420
570770
570780
570840
571260
571310
572410
574070
574640
575550
575570
575720
575840
575860
576050
576130
577940
578080
578310
578330
579230
579950
580200
580420
581030
581100
581130
581600
581630
582160
582500
582550
582660
583010
584400
585410
585560
585900
586140
587260
588430
588650
589870
591370
591560
591740
591960
592260
592580
592600
593030
593280
594570
595280
595420
595460
596650
597220
597840
598960
599460
600600
600750
601430
601510
602520
604500
606330
607880
607890
609150
609940
610080
610120
610180
610670
612020
612510
612880
614570
614860
614910
616560
617830
618970
619080
619310
619330
619340
619400
619890
619910
620130
620940
621830
621880
622650
622920
623550
624120
625140
626010
627270
628890
629030
629690
633460
634160
635200
635260
636040
636480
637100
639170
639780
639790
640590
641780
644560
644570
645260
645630
646570
647830
648430
649900
650000
650760
654880
657200
658160
658980
659460
660160
662320
663390
664430
665180
665360
666220
667600
667870
668630
669580
672680
674940
675010
675260
678800
682130
683900
685310
688470
690510
694130
697610
698780
703700
704040
705220
712840
715310
717640
717790
721030
722060
723790
726390
732430
732730
734580
735280
735570
738060
740260
741260
745880
746910